x1 x2 true_label pred_label
1.9269 1.4873 1 1
0.9007 -2.1055 0 0
0.6784 -1.2345 0 0
-0.0431 -1.6047 1 1
-0.7521 1.6487 0 0
-0.3925 -1.4036 1 1
-0.7279 -0.5594 1 1
-0.7688 0.7624 0 0
1.6423 -0.1596 0 0
-0.4974 0.4396 0 0
-0.7581 1.0783 0 0
0.8008 1.6806 1 1
1.2791 1.2964 1 1
0.6105 1.3347 1 1
-0.2316 0.0418 0 0
-0.2516 0.8599 0 0
-1.3847 -0.8712 1 1
-0.2234 1.7174 0 0
0.3189 -0.4245 0 0
0.3057 -0.7746 0 0
-1.5576 0.9956 0 0
-0.8798 -0.6011 1 1
-1.2742 2.1228 0 0
-1.2347 -0.4879 1 1
-0.9138 -0.6581 1 1
0.0780 0.5258 1 1
-0.4880 1.1914 0 0
-0.8140 -0.7360 1 1
-1.4032 0.0360 0 0
-0.0635 0.6756 0 0
-0.0978 1.8446 0 0
-1.1845 1.3835 0 0
1.4451 0.8564 1 1
2.2181 0.5232 1 1
0.3466 -0.1973 0 0
-1.0546 1.2780 0 0
-0.1722 0.5238 0 0
0.0566 0.4263 1 1
0.5750 -0.6417 0 0
-2.2064 -0.7508 1 1
0.0109 -0.3387 0 0
-1.3407 -0.5854 1 1
0.5362 0.5246 1 1
1.1412 0.0516 1 1
0.7440 -0.4816 0 0
-1.0495 0.6039 0 0
-1.7223 -0.8278 1 1
1.3347 0.4835 1 1
-2.5095 0.4880 0 0
0.7846 0.0286 1 1
0.6408 0.5832 1 1
1.0669 -0.4502 0 0
-0.1853 0.7528 0 0
0.4048 0.1785 1 1
0.2649 1.2732 1 1
-0.0013 -0.3036 1 1
-1.4570 -0.1023 1 1
-0.5992 0.4771 0 0
0.7262 0.0912 1 1
-0.3891 0.5279 0 0
-0.0127 0.2408 0 0
0.1325 0.7642 1 1
1.0950 0.3399 1 1
0.7200 0.4114 1 1
1.9312 1.0119 1 1
-1.4364 -1.1299 1 1
-0.1360 1.6354 0 0
0.6547 0.5760 1 1
1.1415 0.0186 1 1
-1.8058 0.9254 0 0
-0.3753 1.0331 0 0
-0.6867 0.6368 0 0
-0.9727 0.9585 0 0
1.6192 1.4506 1 1
0.2695 -0.2104 0 0
-0.7328 0.1043 0 0
0.3488 0.9676 1 1
-0.4657 1.6048 0 0
-2.4801 -0.4175 1 1
-1.1955 0.8123 0 0
-1.9006 0.2286 0 0
0.0249 -0.3460 0 0
0.2868 -0.7308 0 0
0.1748 -1.0939 0 0
-1.6022 1.3529 0 0
1.2888 0.0523 1 1
-1.5469 0.7567 0 0
0.7755 2.0265 1 1
0.0358 0.1206 1 1
-0.8057 -0.2076 1 1
-0.9319 -1.5910 1 1
-1.1360 -0.5226 1 1
-0.5188 -1.5013 1 1
-1.9267 0.1279 0 0
1.0229 -0.5558 0 0
0.7043 0.7099 1 1
1.7744 -0.9216 0 0
0.9624 -0.3370 0 0
-1.1753 0.3581 0 0
0.4788 1.3537 1 1
0.5261 2.1120 1 1
-0.5208 -0.9320 1 1
0.1852 1.0687 1 1
1.3065 0.4598 1 1
-0.8146 -1.0212 1 1
-0.4949 -0.5923 1 1
0.1543 0.4408 1 1
-0.1483 -2.3184 1 1
-0.3980 1.0805 0 0
-1.7809 1.5080 0 0
0.3094 -0.5003 0 0
1.0350 1.6896 1 1
-0.0045 1.6668 0 0
0.1539 -1.0603 0 0
-0.5727 0.0836 0 0
0.3999 1.9892 1 1
-0.0720 -0.9061 1 1
-2.0487 -1.0811 1 1
0.0176 0.0782 1 1
0.1932 0.4097 1 1
-0.9291 0.2762 0 0
-0.5389 0.4626 0 0
-0.8719 -0.0271 1 1
-0.3532 1.4639 0 0
1.2554 -0.7150 0 0
0.8539 0.5130 1 1
0.5397 0.5655 1 1
0.5058 0.2225 1 1
-0.6855 0.5636 0 0
-1.5072 -1.6107 1 1
-1.4790 0.4323 0 0
-0.1250 0.7821 0 0
-1.5988 -0.1091 1 1
0.7152 0.0391 1 1
1.3059 0.2466 1 1
-1.9776 0.0179 0 0
-1.3793 0.6258 0 0
-2.5850 -0.0240 1 1
-0.1222 -0.7470 1 1
1.7093 0.0579 1 1
1.1930 1.9373 1 1
0.7287 0.9809 1 1
0.4146 1.1566 1 1
0.2691 -0.0366 0 0
0.9733 -1.0151 0 0
-0.5419 -0.4410 1 1
-0.3136 -0.1293 1 1
-0.7150 -0.0476 1 1
2.0207 0.2539 1 1
0.9364 0.7122 1 1
-0.0318 0.1016 0 0
1.3433 0.7133 1 1
0.4038 -0.7140 0 0
0.8337 -0.9585 0 0
0.4536 1.2461 1 1
-2.3065 -1.2869 1 1
0.1799 -2.1268 0 0
-0.1341 -1.0408 1 1
-0.7647 -0.0553 1 1
1.2049 -0.9825 0 0
0.4334 -0.7172 0 0
1.0554 -1.4534 0 0
0.4652 0.3714 1 1
-0.0047 0.0795 0 1
0.3782 0.7051 1 1
-1.7237 -0.8435 1 1
0.4351 0.2659 1 1
-0.5871 0.0827 0 0
0.8854 0.1824 1 1
0.7864 -0.0579 0 0
0.5667 -0.7098 0 0
-0.4875 0.0501 0 0
0.6084 1.6309 1 1
-0.0847 1.0844 0 0
0.9478 -0.6766 0 0
-0.5730 -0.3303 1 1
-0.7939 0.3752 0 0
0.0879 -1.2415 0 0
-0.3203 -0.8444 1 1
-0.5513 1.9890 0 0
1.9003 1.6951 1 1
0.0281 -0.1754 0 0
-1.7735 -0.7046 1 1
-0.3947 1.8868 0 0
-0.2184 0.1663 0 0
2.1442 1.7046 1 1
0.3459 0.6425 1 1
-0.2040 0.6854 0 0
-0.1397 -1.1808 1 1
-1.2829 0.4485 0 0
-0.5907 0.8541 0 0
-0.4901 -0.3595 1 1
0.6664 -0.0743 0 0
-0.2096 0.1663 0 0
1.4703 -0.9391 0 0
-0.6013 -0.0996 1 1
-0.9852 -2.4885 1 1
-0.3313 0.8436 0 0
0.9874 -0.3320 0 0
-0.8076 0.8244 0 0
0.0247 -1.0641 0 0
-0.7602 -0.4075 1 1
0.9624 -0.1426 0 0
0.1527 -0.0388 0 0
0.9446 -1.5824 0 0
0.9871 1.1457 1 1
-0.1418 -0.2763 1 1
-0.1932 0.7768 0 0
0.6839 -1.3246 0 0
-0.5161 0.6002 0 0
-0.4702 -0.6086 1 1
-0.0462 -1.6457 1 1
-0.4833 -0.7403 1 1
0.3143 0.1416 1 1
1.0348 -0.6264 0 0
-0.5151 0.6903 0 0
-0.4940 1.1366 0 0
-0.4618 1.4200 0 0
0.8485 -0.0479 0 0
0.6686 1.0430 1 1
0.6899 -1.3129 0 0
0.0378 -1.1702 0 0
-0.1032 1.1895 0 0
0.7607 -0.7463 0 0
-1.3839 0.4869 0 0
-1.0020 0.0329 0 0
-0.4292 -0.9818 1 1
-0.6421 0.8266 0 0
1.5914 -0.1208 0 0
-0.4830 0.1133 0 0
0.0772 -0.9228 0 0
-1.2620 1.0861 0 0
1.0966 -0.6837 0 0
0.0660 -0.0008 0 0
0.1621 1.1960 1 1
-1.3062 -1.4040 1 1
-1.0597 0.3057 0 0
0.4151 -0.7174 0 0
2.8340 1.9535 1 1
2.0487 -1.0880 0 0
1.6217 0.8513 1 1
-0.4005 -0.6088 1 1
-0.5081 -0.6185 1 1
-1.6470 -1.0362 1 1
-0.4503 -0.0730 1 1
-0.5480 -1.1426 1 1
-0.4488 -0.0305 1 1
0.3830 -0.0448 0 0
1.1799 -0.3314 0 0
0.6495 0.0950 1 1
-0.7526 -0.6472 1 1
-1.2823 1.9653 0 0
-0.9638 -2.5668 1 1
0.7096 0.8198 1 1
0.6214 0.4232 1 1
-0.3389 0.5180 0 0
-1.3638 0.1930 0 0
-0.6103 0.1632 0 0
1.5102 0.2123 1 1
-0.7252 -0.9528 1 1
0.5217 -0.4639 0 0
0.1824 -0.3867 0 0
-1.7907 0.0933 0 0
-1.9153 -0.6422 1 1
1.3439 -1.2922 0 0
0.7662 0.6454 1 1
0.3533 -2.6475 0 0
-1.4575 -0.9712 1 1
0.2540 -0.1791 0 0
1.1993 -0.4292 0 0
1.0103 0.6110 1 1
1.2208 -0.6076 0 0
-1.7376 -0.1254 1 1
-1.3658 1.1117 0 0
-0.6228 -0.7892 1 1
-0.1678 1.6433 0 0
2.0071 -1.2531 0 0
1.1189 1.7733 1 1
-2.0717 -0.4125 1 1
-0.9770 -0.0336 1 1
1.8595 2.6221 1 1
0.3691 0.3803 1 1
0.1990 -0.2361 0 0
0.3034 -0.4501 0 0
0.4739 0.6503 1 1
1.1662 0.0169 1 1
0.5326 -0.6035 0 0
-0.1743 0.6092 0 0
-0.8032 -1.1209 1 1
0.1956 -0.7815 0 0
-1.7899 -0.2616 1 1
-0.4403 2.1848 0 0
-0.4801 -1.2872 1 1
0.7389 0.0339 1 1
-0.3123 -0.2542 1 1
-1.2055 -0.9542 1 1
0.0613 0.0853 1 1
0.7481 -0.1636 0 0
-0.9086 0.3130 0 0
0.8050 -1.1134 0 0
0.4982 -1.2000 0 0
0.1271 0.4404 1 1
0.6378 0.1598 1 1
1.7698 0.6268 1 1
-1.8737 2.3259 0 0
-0.9204 0.6661 0 0
-0.4403 -2.3180 1 1
1.2946 0.2227 1 1
-0.8483 1.6489 0 0
1.6006 -0.0786 0 0
0.4310 0.3684 1 1
0.7638 1.1792 1 1
-0.4138 0.5184 0 0
-0.7015 -0.4323 1 1
0.1415 0.0711 1 1
0.5634 -0.5786 0 0
-1.0838 -0.3889 1 1
0.8126 1.4981 1 1
0.0439 1.4443 1 1
0.2320 0.5065 1 1
-1.2787 -0.0384 1 1
1.9138 0.3378 1 1
0.1251 -0.7622 0 0
-1.1906 0.7756 0 0
0.4557 0.2503 1 1
-1.3611 1.8018 0 0
-0.0743 -0.1566 1 1
-0.8708 -0.6411 1 1
-0.4146 -0.6902 1 1
-0.2300 -2.1723 1 1
0.0877 1.0938 1 1
-0.1177 -0.2986 1 1
-0.9536 -0.0925 1 1
-1.0167 -0.0077 1 1
-0.5182 0.8395 0 0
0.0585 -1.6682 0 0
2.1296 -1.5181 0 0
0.1387 -1.1798 0 0
-0.5297 0.9625 0 0
0.2794 -0.5718 0 0
-2.7936 -0.7112 1 1
0.5235 -1.7106 0 0
0.8385 -0.2698 0 0
0.1231 0.8758 1 1
0.1513 0.7394 1 1
0.2731 2.7312 1 1
0.4320 -0.3092 0 0
-0.0966 1.5419 0 0
-0.1087 -0.4189 1 1
1.4384 -0.7068 0 0
-1.2520 3.0250 0 0
1.3463 0.8556 1 1
0.3220 0.4461 1 1
1.5230 1.2805 1 1
-0.1162 1.3705 0 0
-0.4809 -0.9904 1 1
-1.3642 0.0082 0 0
-0.4059 -0.7111 1 1
-0.3496 0.3797 0 0
0.9993 1.2752 1 1
0.9595 0.1035 1 1
0.8290 2.0921 1 1
0.7953 0.2793 1 1
0.1864 0.3547 1 1
0.0906 1.7423 1 1
-1.2660 0.3892 0 0
0.3429 -1.4591 0 0
-1.4937 -0.2214 1 1
0.2252 -0.0772 0 0
0.9857 1.2783 1 1
0.2882 0.8690 1 1
-0.8097 -1.4299 1 1
0.4590 0.5309 1 1
-1.3615 1.9562 0 0
1.7685 -0.9858 0 0
-1.2371 -2.3019 1 1
-0.0010 -0.8494 1 1
-1.6594 0.3063 0 0
1.1820 0.3260 1 1
-0.3894 2.8544 0 0
0.8244 0.7983 1 1
1.8890 0.5935 1 1
0.0697 -1.6034 0 0
-0.4298 0.5762 0 0
0.3444 -3.1016 0 0
-1.4587 -1.4318 1 1
-0.6071 -0.2597 1 1
-0.7190 -0.3858 1 1
0.5234 -0.8212 0 0
-0.4709 0.6016 0 0
-0.2825 0.7693 0 0
-0.7669 -0.9495 1 1
0.0169 0.0803 1 1
0.7448 1.3455 1 1
0.1268 -2.4521 0 0
0.4160 1.9025 1 1
-0.7347 0.0447 0 0
-1.5211 0.3478 0 0
0.7402 1.4162 1 1
0.6834 -0.1383 0 0
