x1 x2 x3 x4 encoded1 encoded2 decoded1 decoded2 decoded3 decoded4
3.8538 1.4873 2.7022 -1.0528 -1.3659 -0.8150 4.0768 1.0439 2.5215 -0.2557
1.3568 -1.2345 -0.1292 -0.8023 0.5928 0.1775 0.9526 -0.0003 -0.2745 0.0849
-1.5043 1.6487 -1.1774 -0.7018 0.2892 3.0149 -1.5917 0.0113 -1.3208 0.0241
-1.4558 -0.5594 -2.3065 0.3812 1.4042 2.9322 -1.4668 0.1364 -2.2171 -0.0086
3.2846 -0.1596 -1.4922 0.2198 2.2325 -0.0885 3.1402 0.0888 -1.5438 -0.0724
-1.5163 1.0783 2.4024 0.8403 -2.8879 3.0152 -1.3936 -0.1303 2.4004 0.0153
2.5582 1.2964 1.8314 0.6674 -1.1431 -0.3981 2.7497 0.4714 1.8898 -0.1096
-0.4632 0.0418 -0.7547 0.4299 0.3101 1.6621 -0.4735 0.0259 -0.6901 0.0267
-2.7693 -0.8712 -0.6701 0.8587 -0.8646 4.3015 -2.6993 -0.0599 -0.5649 0.0315
0.6378 -0.4245 0.9172 -0.3873 -1.0529 0.6227 0.7125 -0.0811 1.0186 0.0350
-3.1151 0.9956 -2.6394 -0.3006 0.8507 4.9098 -3.1281 0.0567 -2.7003 0.0030
-2.5483 2.1228 -3.7040 -0.2440 1.9103 4.6433 -2.8541 0.1773 -3.4619 -0.0276
-1.8276 -0.6581 0.2341 0.2629 -1.2451 3.1710 -1.7856 -0.0949 0.2798 0.0464
-0.9760 1.1914 -2.4420 -0.3680 1.6245 2.5979 -1.1319 0.1450 -2.3073 -0.0211
-2.8065 0.0360 -0.1904 0.3378 -1.1919 4.3795 -2.7755 -0.0720 -0.1811 0.0324
-0.1956 1.8446 -3.5536 0.6918 2.6848 2.5314 -0.4195 0.0312 -3.3718 -0.1094
2.8903 0.8564 6.6542 0.2616 -5.1727 1.0670 3.0824 -0.0368 6.6896 -0.1005
0.6933 -0.1973 -3.1638 0.6390 2.7823 1.7818 0.7075 -0.1399 -3.0667 -0.0871
-0.3444 0.5238 0.1699 0.2131 -0.6697 1.5741 -0.4506 -0.0826 0.1744 0.0558
1.1500 -0.6417 -6.6192 -0.3754 5.6053 3.3344 1.1451 -0.4431 -6.4685 -0.2949
0.0217 -0.3387 -4.0220 -0.2927 3.2838 2.5836 0.0571 -0.0886 -3.9477 -0.1433
1.0724 0.5246 3.4236 0.0258 -2.9981 1.2584 1.2167 -0.0794 3.4400 -0.0191
1.4879 -0.4816 -3.1484 0.3019 3.0315 1.3496 1.5341 -0.2806 -3.0675 -0.0845
-3.4446 -0.8278 4.0041 0.2418 -4.8214 5.3155 -3.2922 -0.1614 4.0523 -0.0142
-5.0191 0.4880 2.3538 0.0143 -3.8794 6.9201 -4.9600 -0.1392 2.3503 0.0187
1.2815 0.5832 3.2008 -0.2251 -2.7417 0.9719 1.4418 -0.0758 3.2117 -0.0149
-0.3705 0.7528 1.2143 0.0892 -1.5597 1.5600 -0.2692 -0.1125 1.2031 0.0378
0.5298 1.2732 -0.0039 -0.1518 0.1251 0.4801 0.4932 0.0160 0.0316 0.0350
-2.9141 -0.1023 -1.7975 0.2385 0.0128 4.5954 -2.9080 -0.0187 -1.7579 0.0233
1.4524 0.0912 -1.1672 0.2640 1.4803 0.3595 1.4832 -0.1414 -1.1261 0.0347
-0.0254 0.2408 0.3976 0.3821 -0.8083 1.1402 -0.0994 -0.0941 0.4988 0.0609
2.1900 0.3399 2.1599 0.2057 -1.6544 -0.1057 2.2386 -0.0394 2.1883 -0.0038
3.8623 1.0119 -4.3092 -0.5649 4.5331 0.7792 3.6996 -0.7211 -4.1423 -0.1438
-0.2721 1.6354 1.9642 0.2880 -2.1287 1.7344 -0.1045 -0.1076 1.9408 0.0204
2.2830 0.0186 -5.4174 0.4627 4.9456 2.1338 2.2026 -0.5398 -5.2327 -0.2156
-0.7507 1.0331 -2.0600 0.3184 1.3771 2.2940 -0.9384 0.1381 -1.8921 -0.0067
-1.9453 0.9585 4.8576 0.7253 -5.0571 4.3611 -1.7456 -0.1307 4.8721 -0.0392
0.5390 -0.2104 -2.1984 0.0521 2.0271 1.3647 0.5927 -0.0592 -2.1558 -0.0314
0.6975 0.9676 -1.3971 0.8024 1.3590 0.9043 0.6178 -0.0060 -1.3017 0.0212
-4.9602 -0.4175 -3.5864 0.4062 0.7407 7.0172 -4.8686 0.0527 -3.4582 -0.0081
-3.8011 0.2286 0.0746 -0.1730 -1.7043 5.4990 -3.7132 -0.0740 0.0943 0.0227
0.5737 -0.7308 0.5245 -0.5470 -0.6373 0.5639 0.4994 -0.0558 0.6252 0.0384
-3.2043 1.3529 3.8665 0.0261 -4.5591 5.0222 -3.0616 -0.1577 3.8188 -0.0098
-3.0937 0.7567 2.3266 1.0133 -3.3437 4.7622 -3.1692 -0.1541 2.3847 0.0401
0.0716 0.1206 -2.4170 -0.1038 2.0420 1.7380 0.0897 0.0122 -2.3657 -0.0459
-1.8639 -1.5910 -3.4079 -0.2613 2.2807 3.4541 -1.6908 0.1647 -3.4265 -0.0590
-1.0375 -1.5013 -5.7800 0.0639 4.3760 4.0039 -0.9081 -0.0419 -5.6951 -0.2538
2.0458 -0.5558 2.1128 0.3549 -1.6922 0.0448 2.0094 -0.0679 2.1540 0.0067
3.5488 -0.9216 2.8873 -0.1685 -2.0887 -0.2731 2.9998 0.1556 2.9536 -0.0695
-2.3507 0.3581 1.4363 0.6769 -2.3787 3.8157 -2.3567 -0.1305 1.4868 0.0454
1.0521 2.1120 -1.5623 -0.4660 1.5584 0.8626 0.8584 -0.0577 -1.4624 0.0120
0.3703 1.0687 3.9196 0.2299 -3.5969 2.0240 0.5521 -0.0905 3.9250 -0.0273
-1.6293 -1.0212 -1.4848 -0.2961 0.3851 2.9523 -1.5352 0.0226 -1.3714 0.0214
0.3086 0.4408 -0.4449 -1.1592 0.6051 0.6984 0.3373 0.0675 -0.4758 0.0203
-0.7960 1.0805 -5.3426 0.7540 3.9180 3.7464 -0.9714 0.0062 -5.1402 -0.2199
0.6189 -0.5003 3.1050 0.8448 -2.9301 1.6287 0.6338 -0.0909 3.1560 -0.0102
-0.0090 1.6668 0.4618 -0.5301 -0.7732 1.1744 -0.1258 -0.0905 0.4529 0.0598
-1.1453 0.0836 1.1997 0.9946 -1.8392 2.4174 -1.1891 -0.1322 1.2685 0.0582
-0.1440 -0.9061 -6.1461 -0.5405 4.8955 3.7564 -0.0894 -0.2044 -6.0406 -0.2724
0.0352 0.0782 0.5795 0.2048 -0.9375 1.0373 0.0306 -0.0974 0.6276 0.0472
-1.8583 0.2762 -1.6166 0.2313 0.4820 3.3379 -1.8486 0.0299 -1.6375 0.0176
-1.7438 -0.0271 -1.0597 0.7319 -0.1803 3.2318 -1.7947 -0.0430 -1.0308 0.0374
2.5109 -0.7150 2.5618 0.2565 -1.9743 -0.0278 2.3202 -0.0610 2.5994 -0.0047
1.0795 0.5655 1.5174 0.1112 -1.4082 0.4851 1.1676 -0.0850 1.5216 0.0246
-1.3710 0.5636 -4.5215 -0.8053 3.2200 3.6138 -1.4274 0.1314 -4.4313 -0.1777
-2.9581 0.4323 -0.3751 0.3911 -1.0748 4.6018 -2.9535 -0.0634 -0.4001 0.0293
-3.1975 -0.1091 2.1456 0.0196 -3.2212 4.7563 -3.1599 -0.1491 2.2333 0.0395
2.6117 0.2466 -5.9328 0.0089 5.4338 2.2436 2.4980 -0.6240 -5.7375 -0.2457
-2.7586 0.6258 -7.7549 -0.0120 5.2409 6.0195 -2.9056 0.1732 -7.5475 -0.3740
-0.2444 -0.7470 5.1279 0.0290 -4.8413 3.1082 -0.0992 -0.0994 5.1866 -0.0532
2.3860 1.9373 2.1861 0.4904 -1.5627 -0.3484 2.8739 0.3239 2.2753 -0.0885
0.8292 1.1566 0.8072 -0.0183 -0.7639 0.3302 0.9280 -0.0499 0.9096 0.0307
1.9466 -1.0151 -1.6258 -0.2205 2.0621 0.3014 2.0242 -0.2819 -1.6666 0.0218
-0.6272 -0.1293 -2.1449 -0.0238 1.6215 2.0395 -0.6225 0.1305 -2.1036 -0.0266
4.0415 0.2539 2.8093 0.3561 -1.6939 -0.6167 3.7204 0.6946 2.6692 -0.1826
-0.0635 0.1016 4.0299 0.3566 -3.8537 2.4923 0.0655 -0.0992 4.0628 -0.0284
0.8076 -0.7140 2.5012 -0.4793 -2.3334 1.1332 0.9110 -0.0873 2.5388 0.0026
0.9073 1.2461 -6.9195 -0.6434 5.6487 3.6961 0.6843 -0.3802 -6.6985 -0.3105
0.3598 -2.1268 -0.4022 -0.5204 0.2700 0.6296 0.3772 0.0308 -0.1616 0.0304
-1.5294 -0.0553 3.6146 -0.4912 -3.8978 3.4738 -1.3156 -0.1258 3.6352 -0.0130
0.8669 -0.7172 3.1661 -0.7267 -2.8622 1.3337 1.0089 -0.0838 3.2052 -0.0129
0.9303 0.3714 -0.0140 0.0398 0.3422 0.0528 0.9708 0.0479 -0.0135 0.0743
0.7564 0.7051 -5.1711 -0.4217 4.3047 2.8405 0.6370 -0.2591 -5.0177 -0.2073
0.8703 0.2659 -1.7613 0.0413 1.7599 0.9827 0.8767 -0.0775 -1.7101 -0.0031
1.7708 0.1824 2.3591 -0.0290 -1.9239 0.2662 1.8600 -0.0701 2.3792 0.0022
1.1333 -0.7098 -1.4625 0.0250 1.6740 0.6505 1.2578 -0.1253 -1.4566 0.0136
1.2168 1.6309 -0.2542 0.5422 0.5022 -0.0165 1.2564 0.1439 -0.0958 0.0693
1.8955 -0.6766 -1.7191 -0.1652 2.0940 0.3883 2.0057 -0.2690 -1.7032 0.0008
-1.5879 0.3752 0.2637 -0.6207 -1.1239 2.9656 -1.6126 -0.0934 0.1952 0.0480
-0.6405 -0.8444 -1.6540 0.9945 1.1874 1.9293 -0.6496 0.1213 -1.5545 0.0002
3.8006 1.6951 0.0843 -0.0877 0.8945 -0.8391 3.8913 1.1248 0.3001 -0.1929
-3.5470 -0.7046 -1.1840 0.9434 -0.7081 5.2395 -3.4633 -0.0374 -1.0667 0.0200
-0.4369 0.1663 6.4325 0.8523 -5.9782 3.8099 -0.2784 -0.0995 6.4839 -0.0818
0.6918 0.6425 -0.6119 0.3427 0.7995 0.4897 0.6850 0.0303 -0.5793 0.0654
-0.2794 -1.1808 -3.8488 0.2242 3.1015 2.6124 -0.1497 -0.0432 -3.7960 -0.1346
-1.1815 0.8541 -1.4702 -0.1797 0.7249 2.5922 -1.2205 0.0637 -1.4841 0.0122
1.3327 -0.0743 -0.6288 0.0832 1.0519 0.1579 1.2876 -0.0913 -0.6711 0.0832
2.9406 -0.9391 -1.8040 -0.0498 2.4444 0.1154 2.7847 -0.1785 -1.9069 -0.0285
-1.9703 -2.4885 -0.9940 0.4218 -0.4469 3.2557 -1.8256 -0.0605 -0.7460 0.0410
1.9749 -0.3320 -2.4229 0.4122 2.6074 0.7217 2.0146 -0.3139 -2.3487 -0.0388
0.0494 -1.0641 -2.2806 -0.2038 2.0138 1.6321 0.2104 -0.0028 -2.2842 -0.0405
1.9247 -0.1426 0.4581 -0.0194 0.1836 -0.2269 1.6106 0.3961 0.3153 0.0009
1.8892 -1.5824 2.9614 0.5728 -2.4824 0.5622 1.8422 -0.0688 3.0409 -0.0127
-0.2836 -0.2763 -0.5796 0.3884 0.1811 1.4217 -0.2815 0.0137 -0.4666 0.0311
1.3678 -1.3246 -1.5482 0.3001 1.8372 0.5452 1.5531 -0.1818 -1.5507 0.0088
-0.9404 -0.6086 -0.1386 -0.8229 -0.6588 2.1611 -0.9348 -0.0867 -0.1160 0.0541
-0.9667 -0.7403 0.9428 0.0708 -1.5288 2.1239 -0.9367 -0.1245 0.9761 0.0598
2.0696 -0.6264 -1.5453 0.3451 1.9860 0.2387 1.9923 -0.2795 -1.5897 0.0390
-0.9880 1.1366 -1.3855 0.7100 0.6680 2.4395 -1.0973 0.0587 -1.3630 0.0143
1.6970 -0.0479 2.0057 0.5215 -1.6789 0.2417 1.7162 -0.0736 2.0362 0.0106
1.3798 -1.3129 0.1134 -0.5851 0.3019 0.1855 0.7966 0.0196 0.0047 0.0485
-0.2064 1.1895 2.2821 -0.3732 -2.3683 1.7808 0.0039 -0.1048 2.2651 0.0126
-2.7678 0.4869 -3.0061 0.0165 1.3440 4.5736 -2.8253 0.1148 -2.9533 -0.0107
-0.8584 -0.9818 -1.9262 0.4133 1.3816 2.1718 -0.8253 0.1349 -1.8539 -0.0082
3.1828 -0.1208 -1.4491 0.0566 2.1772 -0.0833 3.0706 0.0877 -1.4979 -0.0668
0.1543 -0.9228 -3.7860 0.5430 3.1504 2.3599 0.2445 -0.1043 -3.7079 -0.1280
2.1933 -0.6837 0.1981 -0.0004 0.5945 -0.1719 1.7407 0.3399 0.0057 0.0229
0.3241 1.1960 -3.9185 -0.7020 3.2065 2.4366 0.1897 -0.1012 -3.7996 -0.1338
-2.1194 0.3057 1.2452 -0.3587 -2.1395 3.4818 -2.0738 -0.1264 1.2966 0.0479
5.6679 1.9535 6.1460 -0.5440 -4.0687 -0.9403 6.1755 0.9057 6.3531 -0.3312
3.2434 0.8513 -1.2014 -0.3044 1.9521 -0.2667 3.3561 0.3313 -1.1399 -0.1038
-1.0162 -0.6185 -4.9411 -0.5181 3.7085 3.5966 -0.9560 0.0217 -4.8696 -0.2032
-0.9006 -0.0730 -1.6439 -0.5713 1.0976 2.2101 -0.8860 0.1087 -1.6137 0.0022
-0.8975 -0.0305 1.1491 -0.0224 -1.6904 2.0834 -0.9052 -0.1250 1.1487 0.0454
2.3599 -0.3314 1.9485 0.0475 -1.4956 -0.0975 2.1177 -0.0325 1.9643 -0.0000
-1.5052 -0.6472 -3.8468 0.9826 2.6677 3.3184 -1.4241 0.1555 -3.8092 -0.1019
-1.9277 -2.5668 2.1288 0.4099 -2.8590 3.4418 -2.0291 -0.1427 2.1447 0.0238
1.2429 0.4232 -1.0167 0.2590 1.2838 0.4041 1.2414 -0.0897 -0.9696 0.0435
-2.7275 0.1930 -1.8310 0.0816 0.1507 4.3973 -2.7403 -0.0164 -1.8657 0.0248
3.0203 0.2123 -2.1756 -0.4764 2.7188 0.0758 3.1696 -0.1559 -2.1232 -0.0603
1.0434 -0.4639 0.5471 -0.1933 -0.3848 0.1225 0.9561 -0.0185 0.6514 0.0298
-3.5814 0.0933 -5.7458 -0.3211 3.3625 5.9461 -3.5996 0.2253 -5.6584 -0.1104
2.6877 -1.2922 2.2987 0.3227 -1.7913 -0.0272 2.1856 -0.0642 2.3338 0.0019
0.7066 -2.6475 -4.3726 -0.4856 3.9073 2.3171 0.9974 -0.2774 -4.3784 -0.1668
0.5081 -0.1791 3.5979 -0.2146 -3.3216 1.8154 0.6512 -0.0894 3.6303 -0.0210
2.0206 0.6110 3.6625 -0.3038 -2.9135 0.5411 2.1877 -0.0608 3.6765 -0.0285
-3.4752 -0.1254 -4.0974 0.5559 1.9799 5.5136 -3.5692 0.1772 -3.9375 -0.0318
-1.2456 -0.7892 -0.5035 0.8217 -0.4962 2.5603 -1.2562 -0.0722 -0.4438 0.0483
4.0142 -1.2531 3.3566 0.8866 -2.4189 -0.2939 3.2726 0.1503 3.4473 -0.0819
-4.1433 -0.4125 -2.9309 -0.0168 0.5142 6.0269 -4.0643 0.0264 -2.8519 0.0044
3.7190 2.6221 1.1072 0.1901 -0.0613 -0.9650 4.0312 1.3652 1.2447 -0.2162
0.3980 -0.2361 0.9102 -0.2250 -1.1137 0.8202 0.4708 -0.0950 0.9526 0.0394
0.9478 0.6503 3.4987 0.0085 -3.0905 1.3830 1.1048 -0.0813 3.5116 -0.0203
1.0652 -0.6035 -0.5228 0.3046 0.9167 0.2529 1.1142 -0.0402 -0.5540 0.0687
-1.6064 -1.1209 0.5869 -0.3908 -1.4700 2.8363 -1.5193 -0.1099 0.6702 0.0514
-3.5798 -0.2616 -1.3208 1.0924 -0.5875 5.3299 -3.5330 -0.0309 -1.2469 0.0184
-0.9602 -1.2872 2.2166 0.0169 -2.6369 2.5497 -0.9068 -0.1216 2.2695 0.0163
-0.6246 -0.2542 -3.6166 -0.4771 2.7903 2.7159 -0.5782 0.0452 -3.5654 -0.1218
0.1226 0.0853 2.2444 -0.0818 -2.2969 1.5810 0.2395 -0.1004 2.2616 0.0117
-1.8171 0.3130 2.4151 -0.5567 -2.9666 3.2315 -1.6476 -0.1350 2.4061 0.0163
0.9963 -1.2000 0.3813 0.2202 -0.3175 0.2650 0.7019 -0.0227 0.4883 0.0344
1.2755 0.1598 5.3094 0.3134 -4.5374 1.8987 1.4202 -0.0709 5.3517 -0.0632
-3.7473 2.3259 -2.7612 0.3331 0.5228 5.8499 -3.9187 0.0238 -2.8050 0.0063
-0.8805 -2.3180 3.8837 0.1113 -4.0476 3.2258 -0.8489 -0.1163 3.9767 -0.0226
-1.6967 1.6489 4.8017 -0.0393 -4.8857 4.0318 -1.3967 -0.1245 4.7885 -0.0387
0.8621 0.3684 2.2914 0.5896 -2.1401 1.0281 0.9210 -0.0877 2.3110 0.0077
-0.8276 0.5184 -2.1046 -0.2162 1.4529 2.3056 -0.9232 0.1381 -1.9902 -0.0119
0.2830 0.0711 1.6901 -0.2893 -1.7823 1.2081 0.4002 -0.0988 1.7020 0.0237
-2.1676 -0.3889 2.4378 0.7491 -3.1552 3.6435 -2.1029 -0.1433 2.4733 0.0166
0.0878 1.4443 0.6961 0.2532 -0.9909 1.0600 0.0361 -0.1015 0.6683 0.0472
-2.5574 -0.0384 5.7414 0.1689 -5.9856 5.2360 -2.3265 -0.1392 5.7805 -0.0573
0.2501 -0.7622 -3.5717 0.3878 3.0105 2.2060 0.3293 -0.1047 -3.4988 -0.1148
0.9114 0.2503 -4.0833 0.9009 3.5045 2.1620 0.8430 -0.2209 -3.9280 -0.1396
-0.1487 -0.1566 -2.6125 -0.3205 2.1531 1.9461 -0.0966 0.0297 -2.5770 -0.0595
-0.8291 -0.6902 -0.6899 -1.0861 0.0388 1.9839 -0.7530 -0.0073 -0.6166 0.0339
0.1754 1.0938 -0.3532 -0.1493 0.3381 0.9368 0.1269 0.0356 -0.3660 0.0276
-1.9072 -0.0925 -3.0500 -0.0038 1.8158 3.5990 -1.9816 0.1703 -2.9025 -0.0245
-1.0364 0.8395 0.1756 -0.8341 -0.8505 2.3780 -1.1202 -0.0922 0.0451 0.0532
4.2592 -1.5181 0.4162 -0.5899 1.0484 -0.6229 3.4432 0.8479 -0.0205 -0.1411
-1.0595 0.9625 0.8383 -0.2859 -1.4637 2.3118 -1.0886 -0.1186 0.8334 0.0573
-5.5873 -0.7112 1.5706 -0.8553 -3.4929 7.3311 -5.2830 -0.1163 1.7329 0.0119
1.6770 -0.2698 0.3692 0.4379 0.1079 -0.1035 1.2408 0.2323 0.3217 0.0181
0.3027 0.7394 0.8193 1.3656 -1.0849 0.9352 0.2839 -0.0997 0.8475 0.0428
0.8640 -0.3092 -0.2897 0.7710 0.5362 0.2659 0.8187 0.0169 -0.2601 0.0684
-0.2175 -0.4189 4.3153 -0.3534 -4.1296 2.7071 -0.0421 -0.1004 4.3553 -0.0346
-2.5039 3.0250 4.0388 0.4278 -4.4475 4.3930 -2.2373 -0.1421 3.9720 -0.0168
0.6441 0.4461 4.5689 0.6402 -4.0996 2.1300 0.7670 -0.0848 4.6010 -0.0435
-0.2323 1.3705 -1.4428 -0.4952 1.0981 1.6111 -0.3913 0.1142 -1.3271 0.0036
-2.7284 0.0082 -1.2176 -0.3555 -0.3665 4.3390 -2.7117 -0.0387 -1.1999 0.0283
-0.6992 0.3797 2.9979 0.6376 -3.1726 2.6057 -0.5957 -0.1140 3.0184 -0.0020
1.9190 0.1035 2.4871 1.0461 -2.0307 0.2874 1.9075 -0.0689 2.5233 -0.0012
1.5906 0.2793 0.5593 0.1774 -0.0916 -0.2036 1.5540 0.3635 0.6071 -0.0409
0.1813 1.7423 -3.7980 0.1946 3.0045 2.4620 -0.0305 -0.0522 -3.6280 -0.1239
0.6858 -1.4591 -4.4810 -0.1107 3.8914 2.4285 0.8286 -0.2517 -4.4224 -0.1701
0.4505 -0.0772 2.9571 0.6392 -2.8307 1.6668 0.5062 -0.0937 2.9927 -0.0060
0.5763 0.8690 -2.4291 -0.7149 2.1703 1.5158 0.5148 -0.0601 -2.3664 -0.0446
0.9180 0.5309 -4.0844 0.9781 3.4859 2.1696 0.8154 -0.2153 -3.9150 -0.1389
3.5370 -0.9858 -3.7112 -1.1509 4.1383 0.5637 3.5530 -0.6811 -3.7113 -0.0963
-0.0020 -0.8494 -4.9782 0.1531 4.0202 3.0694 0.0595 -0.1515 -4.8776 -0.2005
2.3641 0.3260 -1.1683 1.4272 1.6669 0.0414 2.2128 -0.0161 -1.1379 0.0072
1.6487 0.7983 5.6671 0.2967 -4.7047 1.6978 1.8319 -0.0624 5.6950 -0.0727
0.1393 -1.6034 -1.2895 0.2881 1.2134 1.0662 0.2603 0.0580 -1.2537 0.0230
0.6887 -3.1016 -4.3762 -0.7159 3.9433 2.3123 1.0370 -0.2862 -4.4089 -0.1686
-1.2143 -0.2597 -2.1571 -0.1929 1.3899 2.6484 -1.2331 0.1373 -2.0691 -0.0075
1.0467 -0.8212 -1.4126 0.3008 1.6082 0.6628 1.1805 -0.1085 -1.4028 0.0167
-0.5650 0.7693 -2.3007 -0.4747 1.7293 2.0793 -0.6222 0.1311 -2.2514 -0.0339
0.0338 0.0803 2.2345 0.6727 -2.3413 1.7117 0.0838 -0.1033 2.2606 0.0123
0.2536 -2.4521 1.2479 0.9513 -1.5441 1.3103 0.0789 -0.1058 1.3055 0.0340
-1.4693 0.0447 -4.5634 0.1739 3.2213 3.6570 -1.4861 0.1397 -4.4553 -0.1794
1.4804 1.4162 2.0502 -0.0691 -1.6995 0.3068 1.6374 -0.0751 2.0334 0.0110
1.8426 0.5282 -0.0247 -0.7247 0.6617 -0.2045 1.8917 0.3760 -0.0185 0.0095
-1.2104 -0.1792 0.5987 -0.6231 -1.2943 2.4629 -1.2063 -0.1090 0.5723 0.0547
-0.8292 1.4559 0.9950 -0.5001 -1.4979 2.0894 -0.9073 -0.1238 0.9488 0.0600
-1.3839 -0.4720 -3.8683 0.5381 2.7387 3.2261 -1.3010 0.1471 -3.7987 -0.1269
-2.1335 -1.9893 0.8919 0.2172 -1.9322 3.3541 -1.9614 -0.1200 1.0792 0.0481
0.0068 -1.0240 0.6721 -0.3777 -1.0396 1.1386 -0.0425 -0.1083 0.6675 0.0487
2.7352 -0.3197 -2.7393 0.9596 3.0464 0.4838 2.7226 -0.4577 -2.6380 -0.0483
-3.3030 2.1477 -1.9812 0.0568 0.0959 5.2662 -3.4555 -0.0038 -2.0807 0.0153
-0.4411 0.7118 1.0248 0.7943 -1.4547 1.6492 -0.4746 -0.1168 1.0060 0.0431
-0.6978 -0.4579 -3.6966 -0.2990 2.8367 2.7860 -0.6328 0.0491 -3.6449 -0.1268
-0.5631 0.0528 1.2749 0.2413 -1.6957 1.7821 -0.4898 -0.1163 1.2890 0.0367
0.9763 1.0082 -1.7850 0.1963 1.7539 0.9679 0.8918 -0.0792 -1.6968 -0.0023
1.6459 -0.8860 4.4403 0.4196 -3.7521 1.3096 1.6943 -0.0679 4.5078 -0.0453
-0.4001 0.9950 2.1606 -0.0671 -2.3405 1.9274 -0.2275 -0.1093 2.1513 0.0161
-2.8136 -2.3610 -0.8715 -0.0667 -0.8036 4.2071 -2.6196 -0.0590 -0.6103 0.0322
-0.3139 1.1383 -0.7516 0.8352 0.4228 1.5946 -0.4120 0.0391 -0.7524 0.0235
-1.0905 -2.1582 -4.9824 -0.3319 3.8129 3.5937 -0.8562 -0.0016 -4.9637 -0.2086
0.7316 -0.3992 1.4902 -1.1846 -1.4743 0.7113 0.8903 -0.0902 1.5042 0.0261
-1.1229 -0.5949 3.8062 0.6452 -4.0045 3.3391 -1.0436 -0.1202 3.8574 -0.0191
-2.3511 -0.0783 -2.9117 0.7362 1.4596 4.0819 -2.4134 0.1321 -2.8146 -0.0130
2.8217 -1.3144 -3.9486 -0.6262 4.1141 1.0437 2.9496 -0.5771 -3.8977 -0.1311
-3.1688 -2.5447 4.1157 -0.2690 -4.8841 5.1900 -3.0657 -0.1568 4.2060 -0.0186
1.4757 -0.8505 0.1083 0.6703 0.2565 0.1070 0.8376 0.0105 0.0596 0.0607
1.8400 -0.3788 -4.6793 -0.4005 4.3152 1.9735 1.8468 -0.4348 -4.5711 -0.1760
-1.4222 -0.3867 2.8735 -0.4113 -3.2652 3.1107 -1.2552 -0.1265 2.8997 0.0034
-4.7816 0.3222 5.6262 0.5521 -6.5195 7.0350 -4.5267 -0.1803 5.6536 -0.0453
-1.0448 -0.7402 0.4871 -0.1185 -1.1905 2.2444 -1.0232 -0.1085 0.5139 0.0566
1.0199 1.6706 4.7763 -0.2081 -4.0882 1.7651 1.2842 -0.0748 4.7672 -0.0494
3.7239 -1.0779 2.6546 -0.4171 -1.7169 -0.3853 3.0777 0.3571 2.5076 -0.1025
2.0601 -0.8681 -1.7105 0.1617 2.1351 0.2911 2.0869 -0.3004 -1.7378 0.0224
2.2570 -1.2123 7.8072 -0.0479 -6.3820 2.1498 2.4074 -0.0463 7.9010 -0.1251
-0.1623 1.2587 2.6074 -0.4805 -2.6205 1.8635 0.0692 -0.1028 2.5894 0.0049
0.1036 -0.3285 -6.7416 -0.2239 5.3696 3.9571 0.0672 -0.2673 -6.5802 -0.3051
0.8469 -0.3875 -0.6889 -0.2035 0.9909 0.4125 0.9613 -0.0244 -0.7060 0.0589
1.7406 -1.0553 -3.9852 0.3530 3.7760 1.6298 1.8285 -0.3864 -3.8966 -0.1346
0.7146 0.5893 2.7563 0.3331 -2.5517 1.3046 0.8237 -0.0883 2.7695 -0.0023
0.4930 0.1329 0.3657 0.2390 -0.5034 0.5657 0.4006 -0.0488 0.4848 0.0400
0.5523 -0.5896 1.7075 -0.3956 -1.7422 1.0221 0.6386 -0.0943 1.7371 0.0219
-0.3979 -1.3616 -1.5581 0.0382 1.2725 1.5599 -0.3032 0.1194 -1.4998 -0.0067
0.6801 1.4557 -1.0383 -0.1317 1.0839 0.7550 0.5724 0.0239 -0.9712 0.0413
-0.8954 -0.7288 -0.4820 -0.1603 -0.3711 2.1338 -0.8977 -0.0543 -0.3444 0.0457
-1.2615 -0.7888 3.9185 -0.4638 -4.1046 3.4201 -1.0870 -0.1208 3.9621 -0.0213
-0.5255 0.9315 -1.3780 -0.4710 0.9482 1.8660 -0.6095 0.0952 -1.3234 0.0074
-1.4178 2.1861 -1.9479 0.2261 0.8909 3.1035 -1.6343 0.0776 -1.8684 0.0061
1.7041 -1.6947 3.5418 -1.4465 -2.9499 0.7926 1.8523 -0.0672 3.6035 -0.0254
-0.7752 -0.7124 -4.8514 -0.1795 3.7037 3.4167 -0.7114 -0.0132 -4.7706 -0.1963
0.1027 0.6950 5.5055 -0.9590 -4.9664 2.8121 0.4187 -0.0890 5.5164 -0.0628
-2.7848 0.5405 1.3052 -1.1359 -2.3704 4.2238 -2.6913 -0.1232 1.3433 0.0408
-0.2677 -0.0586 0.3772 -0.2763 -0.8435 1.4028 -0.3180 -0.1004 0.4024 0.0614
0.1490 -0.1493 -1.6568 -0.0467 1.5027 1.2901 0.2154 0.0399 -1.6363 -0.0007
-2.0569 0.4044 6.4278 -0.2577 -6.3837 5.0410 -1.7547 -0.1270 6.4553 -0.0750
2.1654 1.2499 2.9464 0.1135 -2.2658 0.1289 2.3078 -0.0604 2.9438 -0.0124
0.9856 -0.5128 0.9019 0.0387 -0.9409 0.3631 1.0074 -0.0611 1.0720 0.0295
1.2955 -0.4324 3.5221 0.3506 -3.0657 1.1953 1.3570 -0.0765 3.5697 -0.0226
1.3349 -0.8036 -4.1328 -0.2205 3.7755 1.9346 1.4061 -0.3253 -4.0564 -0.1457
0.2835 1.1085 1.6633 0.7909 -1.7589 1.2250 0.3587 -0.0997 1.6597 0.0248
-2.4496 0.9629 -4.7356 0.3358 2.8996 4.6519 -2.5745 0.1934 -4.6218 -0.0907
-0.1203 0.0698 -4.9905 -0.3825 3.9546 3.1796 -0.1532 -0.1152 -4.8755 -0.2010
2.4613 0.4252 -0.0492 -0.0537 0.7945 -0.3214 2.3499 0.5056 -0.0416 -0.0344
-2.6171 0.6598 -0.2110 0.1372 -1.0768 4.2160 -2.6370 -0.0701 -0.2717 0.0337
-0.6900 -0.1196 3.5585 -0.6102 -3.6115 2.7525 -0.4863 -0.1106 3.5813 -0.0152
0.5820 -0.0796 3.9601 -0.7598 -3.5791 1.8512 0.7880 -0.0860 3.9858 -0.0297
-0.5867 2.1066 -0.3263 0.3042 -0.1714 1.9685 -0.7510 -0.0306 -0.4328 0.0402
1.5789 0.7825 -0.1940 -0.0001 0.6673 -0.1205 1.6634 0.2736 -0.0937 0.0336
1.3662 0.1064 1.0510 0.0605 -0.8370 0.0457 1.3915 -0.0384 1.1715 0.0224
0.5969 1.3448 4.3843 0.5283 -3.9204 2.0337 0.7747 -0.0852 4.3893 -0.0388
1.6311 -0.8241 2.6798 -0.1934 -2.2637 0.5556 1.6918 -0.0723 2.7271 -0.0049
-0.7144 -1.1568 -5.2980 -1.2690 4.1300 3.6101 -0.5883 -0.0672 -5.2626 -0.2262
0.1939 -0.7912 1.1136 0.7559 -1.3980 1.1822 0.1564 -0.1047 1.1577 0.0370
-1.7829 0.5247 1.0553 0.1246 -1.8912 3.1231 -1.7703 -0.1223 1.1033 0.0505
2.3801 1.4109 2.3940 0.2471 -1.7434 -0.2694 2.7658 0.1872 2.4519 -0.0628
-0.3699 -1.0381 -0.3039 -0.4636 -0.2334 1.4494 -0.3255 -0.0328 -0.1320 0.0432
0.4697 0.0886 -1.0431 0.4245 1.0962 0.8076 0.5109 0.0318 -1.0102 0.0387
0.4029 0.3840 3.6929 0.6143 -3.4390 1.9756 0.5063 -0.0918 3.7202 -0.0225
1.4084 -0.0563 -4.4692 -0.7597 4.0228 2.1063 1.3951 -0.3447 -4.3733 -0.1653
0.6516 -1.4584 5.6967 -0.0203 -5.0874 2.6360 0.7608 -0.0820 5.7801 -0.0702
-0.5867 1.3978 -2.7500 -0.3897 2.0309 2.3099 -0.7121 0.1290 -2.6565 -0.0663
-0.8351 1.1060 0.7586 -0.0538 -1.3326 2.0728 -0.8876 -0.1173 0.7475 0.0593
1.5411 -1.1304 2.9894 -0.5905 -2.5448 0.7405 1.6309 -0.0727 3.0420 -0.0118
1.9252 -1.1049 -2.3728 -0.1080 2.6252 0.6956 2.0671 -0.3230 -2.3513 -0.0388
0.0039 -0.2098 3.6031 0.3378 -3.4900 2.2801 0.1052 -0.0995 3.6417 -0.0190
-3.7800 0.1943 4.8060 -0.5186 -5.5181 5.7969 -3.4761 -0.1629 4.8215 -0.0308
-1.4974 -0.3844 0.4305 -0.0406 -1.2726 2.7981 -1.4806 -0.1024 0.4358 0.0508
2.2523 0.0406 -0.1939 1.7228 0.7743 -0.1580 1.8749 0.3091 -0.1597 0.0147
-2.2258 -0.4342 -0.0456 0.2714 -1.1437 3.6640 -2.1865 -0.0823 -0.0079 0.0403
0.2502 -0.8762 3.6668 0.1634 -3.4927 2.1266 0.3281 -0.0951 3.7225 -0.0218
-0.2097 2.4768 1.7307 0.0737 -1.8800 1.5552 -0.0282 -0.1068 1.6699 0.0262
-2.6272 -0.6061 1.9349 -0.1239 -2.8779 4.0511 -2.5684 -0.1471 2.0342 0.0455
-2.8156 -0.0801 1.5582 0.5854 -2.5669 4.3512 -2.8031 -0.1291 1.5475 0.0404
4.3560 1.7792 0.7750 -1.2170 0.5347 -1.0556 4.3505 1.4396 0.8504 -0.2462
-0.6995 -1.3381 -1.3167 -0.2925 0.7867 1.8626 -0.6148 0.0772 -1.1862 0.0122
3.6143 -0.7326 1.2282 -0.2920 0.0362 -0.5856 2.7711 0.8694 0.7611 -0.1029
0.2123 -0.3067 2.5927 -0.5329 -2.5607 1.6338 0.3562 -0.0974 2.6176 0.0031
-2.0260 -0.9939 8.7248 0.7242 -8.3797 6.1055 -1.8280 -0.1225 8.8169 -0.1282
-1.1229 -0.9465 -2.2259 0.0778 1.5333 2.5042 -1.0774 0.1429 -2.1607 -0.0156
-0.5169 -0.7502 3.7064 0.5071 -3.7506 2.7963 -0.4476 -0.1094 3.7611 -0.0194
2.0265 0.6346 2.6306 0.4071 -2.0763 0.1747 2.1032 -0.0649 2.6459 -0.0048
0.3947 -0.6368 -2.6305 -0.7755 2.3723 1.6561 0.5057 -0.0759 -2.6251 -0.0606
-1.5764 0.5684 2.2867 0.2784 -2.8080 3.0031 -1.4347 -0.1314 2.2905 0.0180
2.5967 1.7561 0.6339 0.7430 0.0839 -0.5894 2.7778 0.8740 0.7167 -0.0993
1.1170 0.3491 2.5451 1.0177 -2.2957 0.9563 1.1381 -0.0830 2.5726 0.0009
0.7544 0.4843 -0.0912 0.5463 0.2856 0.2043 0.7651 0.0232 0.0152 0.0436
-1.0128 -0.8442 -0.6643 1.1373 -0.3016 2.3092 -1.0390 -0.0482 -0.4868 0.0432
-1.5665 -0.2678 4.7054 -0.1418 -4.8387 3.9867 -1.3661 -0.1240 4.7429 -0.0378
-0.1921 1.0644 4.4665 0.4413 -4.2200 2.7269 -0.0045 -0.0994 4.4766 -0.0375
-0.4768 0.5469 -0.1817 -0.2652 -0.3151 1.7245 -0.5568 -0.0444 -0.1953 0.0450
-4.0727 0.5247 -2.0911 -0.0440 -0.0952 5.9846 -4.0521 0.0006 -2.0761 0.0082
-0.5486 1.2923 -4.3377 -0.1573 3.2461 3.1106 -0.7069 0.0250 -4.1905 -0.1606
0.2252 -1.4679 -5.1505 -0.2751 4.2733 3.0195 0.3605 -0.2165 -5.0831 -0.2122
1.0702 -1.3392 3.7073 -1.0185 -3.2693 1.3971 1.2153 -0.0786 3.7639 -0.0264
2.8343 0.1687 -3.4263 0.3035 3.5889 0.8155 2.7841 -0.5085 -3.2968 -0.0947
-1.6664 -0.4792 0.8995 0.3607 -1.6995 2.9610 -1.6301 -0.1172 0.9165 0.0513
-1.2369 0.5457 -2.3074 0.0397 1.4268 2.7999 -1.3564 0.1401 -2.1727 -0.0090
-1.5169 0.9420 1.3020 0.5617 -2.0067 2.8941 -1.5866 -0.1310 1.3224 0.0538
1.0115 -1.1371 -2.2745 0.0211 2.2838 1.1202 1.1664 -0.1639 -2.2621 -0.0362
-1.3802 -0.5622 2.4759 1.1342 -2.9846 3.0503 -1.3735 -0.1296 2.5229 0.0125
-3.5465 -0.9907 1.9046 0.5119 -3.0939 5.1237 -3.4567 -0.1376 1.9542 0.0346
1.9149 0.0191 -3.2101 -0.3759 3.1939 1.1846 1.9113 -0.3488 -3.1294 -0.0872
4.8801 -1.9129 0.9323 -0.7381 0.8225 -0.7552 3.5857 1.0296 0.2954 -0.1631
-0.9566 -0.1173 -1.8915 -0.6327 1.2903 2.3130 -0.9612 0.1293 -1.8248 -0.0038
-0.5897 -0.2799 3.2511 0.0865 -3.3582 2.6110 -0.4676 -0.1110 3.2849 -0.0086
1.0247 -0.9819 3.3776 0.1277 -3.0350 1.3736 1.0778 -0.0820 3.4359 -0.0184
-0.9178 -0.9284 -0.5153 -0.3433 -0.3475 2.1340 -0.8967 -0.0517 -0.3643 0.0450
-0.2654 1.6296 -4.6370 -0.0848 3.5304 3.1310 -0.4747 -0.0327 -4.4615 -0.1766
0.0556 0.0911 2.0156 0.4926 -2.1456 1.5898 0.1162 -0.1032 2.0378 0.0172
-1.5219 -1.2726 -1.8802 0.6856 0.8435 2.9099 -1.4768 0.0741 -1.7358 0.0080
0.4720 -0.4466 -3.5334 0.7063 3.0130 2.0796 0.5066 -0.1305 -3.4346 -0.1103
-0.0463 -0.0111 -2.9858 -0.1497 2.4503 2.0912 -0.0251 -0.0059 -2.9254 -0.0807
1.5341 -0.9372 -6.9914 -0.3904 6.0191 3.3156 1.5504 -0.5368 -6.8374 -0.3163
1.6500 1.2207 -0.1889 0.5732 0.5994 -0.1872 1.7856 0.3593 0.0179 0.0185
2.4431 -0.3137 -2.1703 -0.1814 2.5716 0.3513 2.4060 -0.3832 -2.1679 -0.0037
0.8850 0.1942 -1.5000 -0.2750 1.5822 0.8391 0.9126 -0.0676 -1.4717 0.0116
0.0477 -1.5204 1.5882 -0.1954 -1.8288 1.4596 0.0719 -0.1050 1.6434 0.0264
-3.8582 0.0350 -1.4501 -0.6130 -0.5480 5.6379 -3.7843 -0.0240 -1.3968 0.0147
-0.6793 0.0073 -0.1565 0.5837 -0.5340 1.9570 -0.7600 -0.0709 -0.1230 0.0509
3.4604 2.0562 -0.7042 -0.6728 1.4967 -0.6095 3.8547 0.7899 -0.4393 -0.1702
-1.0332 -0.6882 1.4265 -0.7158 -1.9491 2.1962 -0.9007 -0.1235 1.4491 0.0348
0.2855 0.6329 -3.1468 -0.2612 2.6301 2.0281 0.2270 -0.0576 -3.0569 -0.0880
-2.2676 -0.1413 -1.9369 0.2051 0.5634 3.7979 -2.2244 0.0348 -1.9263 0.0141
0.6534 -0.8344 -1.4765 0.3290 1.5429 0.9012 0.7907 -0.0466 -1.4685 0.0115
1.0724 1.2350 -0.6364 0.6937 0.8249 0.2887 0.9805 -0.0130 -0.4888 0.0723
-1.6497 0.3545 -0.8422 -0.1216 -0.2904 3.1218 -1.7095 -0.0543 -0.8857 0.0409
-0.5873 -0.6287 -0.1268 -0.1350 -0.5597 1.7742 -0.6102 -0.0721 -0.0138 0.0521
2.8776 0.0326 -1.6439 -0.2468 2.2608 -0.0009 2.9247 -0.0202 -1.6427 -0.0489
5.7638 -1.1672 5.8240 -0.5818 -3.9967 -0.6104 5.1922 0.4378 5.9819 -0.2160
-3.1933 0.0832 -2.7666 -0.1856 0.9955 4.9277 -3.1355 0.0727 -2.8305 -0.0013
-1.9429 0.1528 2.1753 -0.6948 -2.8153 3.3351 -1.9074 -0.1405 2.1349 0.0235
2.3749 0.0276 6.0032 -0.0623 -4.7960 1.2497 2.5438 -0.0483 6.0518 -0.0838
-2.3130 0.9010 -0.5653 -0.6363 -0.6841 3.8948 -2.3588 -0.0594 -0.6579 0.0351
1.1529 -0.3559 -1.5566 -0.1964 1.7359 0.7055 1.2384 -0.1277 -1.5423 0.0083
3.5023 0.1959 5.3274 -0.0926 -3.9056 0.0337 3.6439 -0.0296 5.3696 -0.0729
2.1190 1.2978 0.9857 0.0743 -0.2397 -0.4641 2.4242 0.7068 0.9975 -0.1197
0.5409 -1.1818 -3.1021 -0.2474 2.7891 1.7984 0.6906 -0.1381 -3.0816 -0.0881
-1.7902 0.5340 -2.6598 0.3982 1.4615 3.4796 -1.9159 0.1378 -2.5276 -0.0116
1.3177 -0.2967 0.6996 -0.6737 -0.3709 -0.0264 1.2030 0.0625 0.7341 0.0159
-1.6462 -0.5395 0.2765 0.4270 -1.2135 2.9764 -1.6247 -0.0969 0.3038 0.0484
-2.0663 0.5838 3.0499 -0.3971 -3.5578 3.6592 -1.8311 -0.1368 3.0493 0.0024
0.7349 0.4293 6.0866 -0.3842 -5.3029 2.5876 0.9879 -0.0770 6.1168 -0.0788
-2.4525 -0.1133 0.9255 -0.2205 -1.9483 3.8728 -2.3876 -0.1118 0.9300 0.0424
-1.5594 -0.7566 4.5445 -0.7898 -4.6979 3.8911 -1.3314 -0.1237 4.5866 -0.0344
1.2773 -0.4361 -3.0069 0.1890 2.8644 1.3890 1.3263 -0.2363 -2.9352 -0.0771
0.0855 0.5859 -4.1063 0.5584 3.2738 2.6230 -0.0066 -0.0785 -3.9593 -0.1442
0.5539 1.0580 -0.1544 0.0856 0.2811 0.4503 0.5258 0.0336 -0.0849 0.0305
-0.4233 -0.1788 -2.5495 0.5835 1.9938 2.0476 -0.3830 0.0846 -2.4846 -0.0547
-0.6969 0.0742 5.2726 -0.3127 -5.0460 3.4655 -0.4641 -0.1059 5.3045 -0.0543
0.4187 1.5050 -3.4038 -0.3556 2.8098 2.1281 0.2533 -0.0766 -3.2741 -0.1013
2.6802 1.5109 -3.5954 0.1883 3.5885 1.0391 2.4744 -0.4637 -3.4141 -0.1029
-0.5023 -0.5277 -1.4310 -0.2813 1.1176 1.7055 -0.4682 0.1155 -1.3886 0.0028
-2.1125 0.2413 0.5483 0.3123 -1.5286 3.5567 -2.1127 -0.0999 0.5083 0.0436
-1.5880 -0.6748 -1.1631 0.2248 -0.0138 2.9678 -1.5682 -0.0221 -1.0440 0.0331
0.7452 -1.9105 0.7826 0.7089 -0.9982 0.6612 0.6176 -0.0803 0.9366 0.0366
1.3476 1.4666 -3.3232 -0.3722 3.0203 1.5985 1.1793 -0.2283 -3.1881 -0.0931
2.0378 -1.8317 0.8419 0.3455 -0.4647 0.0339 1.1301 -0.0184 0.7864 0.0291
1.4368 -0.5719 -1.3999 0.0509 1.7041 0.4643 1.5431 -0.1691 -1.3863 0.0189
0.7607 -1.9629 -2.3417 -0.0672 2.3200 1.2543 1.0140 -0.1449 -2.3658 -0.0430
-0.7219 0.1046 -0.9776 0.1595 0.4481 1.9642 -0.7160 0.0385 -0.9507 0.0219
-0.2195 0.0965 -4.4797 0.2619 3.5123 2.9604 -0.2551 -0.0629 -4.3552 -0.1693
1.5061 -0.2219 1.7457 -0.9685 -1.4689 0.1830 1.6471 -0.0756 1.7610 0.0171
-3.0669 -0.1797 -1.9733 -0.6159 0.1233 4.7452 -3.0269 -0.0116 -1.9449 0.0210
-2.4928 -1.4996 -1.6212 0.6205 -0.0724 3.9877 -2.4124 -0.0326 -1.4530 0.0307
-3.2425 -0.9036 4.1904 0.4589 -4.9303 5.2461 -3.1127 -0.1576 4.2449 -0.0193
1.0241 -0.8406 -3.1336 0.2774 2.9108 1.5705 1.1176 -0.2101 -3.0731 -0.0862
-1.8985 1.0457 -3.3893 -1.4003 2.0857 3.7150 -1.9956 0.1723 -3.2783 -0.0425
2.5594 0.2200 0.9747 0.6595 -0.1826 -0.4069 2.2289 0.6316 0.8819 -0.0986
-1.6994 -0.6987 -0.6155 -0.3906 -0.5423 3.0613 -1.6696 -0.0678 -0.5632 0.0437
1.3745 0.7836 -3.3326 -1.5532 3.1239 1.5731 1.3094 -0.2559 -3.2696 -0.0977
-1.9795 -0.6022 -2.1460 -0.2337 1.0267 3.4381 -1.9037 0.0897 -2.1428 0.0013
1.1028 2.6549 3.1747 -0.0734 -2.6962 1.0026 1.3644 -0.0774 3.1303 -0.0127
-1.7827 0.1938 5.9045 -0.3702 -5.8738 4.6058 -1.5008 -0.1235 5.9338 -0.0642
-1.7331 -0.3064 -1.6078 -0.1788 0.5360 3.1286 -1.6730 0.0378 -1.5825 0.0165
-2.4798 -1.5235 -2.4476 0.5686 0.8839 4.0297 -2.3995 0.0684 -2.3064 0.0041
0.4385 0.4134 0.0185 -0.2836 0.0205 0.5503 0.4299 0.0037 0.0858 0.0379
-0.3408 -0.3028 -3.8604 -0.6831 3.0683 2.6943 -0.2936 -0.0196 -3.8086 -0.1359
-0.0925 -0.6150 3.7101 -0.4072 -3.5951 2.3657 0.0588 -0.1001 3.7513 -0.0213
2.2924 -1.1787 -0.1100 0.3359 0.9223 -0.0509 1.7250 0.1654 -0.3837 0.0351
1.8485 0.2697 1.8856 -0.3533 -1.4920 -0.0210 1.9577 -0.0695 1.8966 0.0128
-1.7117 0.9041 -1.6978 0.1920 0.6578 3.2288 -1.7496 0.0505 -1.7328 0.0127
-1.5632 -0.1509 1.2598 0.7030 -2.0040 2.8712 -1.5676 -0.1313 1.3265 0.0540
-1.6542 1.5608 -3.2857 0.5928 1.9569 3.5802 -1.9163 0.1693 -3.0706 -0.0347
2.3761 2.0556 1.9808 -0.5539 -1.2061 -0.4594 2.9639 0.5501 2.0138 -0.1308
-0.5839 0.4564 -0.9441 -0.2066 0.5760 1.8026 -0.5760 0.0543 -0.9806 0.0185
0.7892 1.1305 2.4775 0.4729 -2.2823 1.1105 0.9063 -0.0875 2.4760 0.0040
-0.3089 -1.6013 -0.1784 -0.4964 -0.4096 1.3403 -0.2443 -0.0514 0.0682 0.0487
2.3269 1.6095 -0.8825 0.5410 1.3260 -0.2187 2.5958 0.3314 -0.6106 -0.0436
1.7732 -0.8611 -0.8179 0.4902 1.3361 0.1856 1.5006 -0.1478 -0.9507 0.0690
-0.3507 -0.1228 2.2242 0.1770 -2.4315 1.9962 -0.2599 -0.1097 2.2489 0.0140
-1.0692 0.6454 -8.9672 0.0919 6.6449 5.7664 -1.2686 -0.1826 -8.6999 -0.4397
-0.9454 -0.9588 -4.5371 0.7534 3.3975 3.3234 -0.8628 0.0347 -4.4411 -0.1765
-1.8761 -0.6385 0.6584 -0.2196 -1.5856 3.1867 -1.8111 -0.1086 0.7003 0.0481
-0.2782 -0.0187 4.9682 0.5331 -4.7079 3.0706 -0.1427 -0.1007 5.0119 -0.0490
-0.3638 -1.2380 1.5427 -0.0755 -1.9008 1.7743 -0.3285 -0.1126 1.5903 0.0292
0.2755 1.2251 -2.2928 0.4592 1.9129 1.6054 0.1549 0.0138 -2.1778 -0.0342
0.8115 0.2510 0.3845 -0.0990 -0.2641 0.2251 0.7212 -0.0177 0.4589 0.0340
-2.9561 -0.5910 2.5072 -0.1146 -3.4380 4.4715 -2.9340 -0.1628 2.5963 0.0435
-2.4808 0.2492 -3.4247 0.3911 1.8284 4.3441 -2.6112 0.1709 -3.2499 -0.0245
0.0216 0.3816 -4.9580 -0.1907 3.9433 3.0990 -0.0521 -0.1288 -4.8228 -0.1975
0.2140 -0.1015 0.2490 0.3560 -0.5480 0.8572 0.1476 -0.0625 0.4159 0.0539
-1.8012 0.8907 1.4297 -0.4198 -2.1694 3.1814 -1.8283 -0.1328 1.4321 0.0514
0.6664 -1.2526 -1.7237 -0.9530 1.8093 1.0185 0.8724 -0.0811 -1.7741 -0.0071
-1.9331 0.3677 -1.7357 0.6187 0.5544 3.4519 -1.9392 0.0369 -1.7529 0.0152
1.7427 -0.5228 3.7200 -0.4529 -3.0784 0.8465 1.8686 -0.0665 3.7628 -0.0291
1.5361 1.6222 0.2447 0.1014 0.1978 -0.3321 1.9215 0.5355 0.3602 -0.0235
0.6605 -0.9534 4.7204 0.9349 -4.2860 2.2818 0.6847 -0.0859 4.7951 -0.0476
-2.1278 -0.2273 0.7502 0.5809 -1.7195 3.5254 -2.0940 -0.1083 0.7573 0.0450
-0.2284 -0.0563 2.5492 -0.4300 -2.6433 1.9739 -0.0730 -0.1054 2.5672 0.0060
-1.2211 1.0629 3.6665 0.3859 -3.8425 3.2477 -1.0304 -0.1204 3.6683 -0.0149
-2.5594 -1.5433 -1.8061 0.1607 0.0501 4.0601 -2.4670 -0.0248 -1.6211 0.0286
-0.1212 -1.1704 -8.3208 -0.0149 6.5517 4.8618 -0.1019 -0.3433 -8.1386 -0.4015
-1.8332 0.4703 5.6334 0.2612 -5.6742 4.5731 -1.5996 -0.1260 5.6608 -0.0577
0.1035 0.4260 2.8425 0.2182 -2.7988 1.8438 0.2280 -0.0991 2.8578 -0.0018
-0.4106 -1.4739 1.5199 0.1390 -1.9119 1.8346 -0.4072 -0.1141 1.5763 0.0299
2.7030 -0.8950 -4.7883 0.3369 4.6542 1.5509 2.7425 -0.5930 -4.6591 -0.1786
-1.9941 -0.3481 0.6530 0.5639 -1.6079 3.3683 -1.9610 -0.1064 0.6690 0.0462
-3.0010 -0.2405 -1.4565 -0.0331 -0.2861 4.6519 -2.9655 -0.0300 -1.4026 0.0243
-1.8059 0.6440 2.2775 -1.0101 -2.8320 3.2145 -1.7215 -0.1368 2.2194 0.0208
-1.3479 -0.9192 3.6361 -0.6732 -3.8911 3.3675 -1.1673 -0.1230 3.6788 -0.0146
-0.9663 1.7186 -1.7053 -1.4576 1.0153 2.4424 -1.0820 0.0974 -1.6559 0.0040
2.1669 0.0773 3.6950 1.4597 -2.9836 0.6071 2.1439 -0.0614 3.7452 -0.0299
3.8756 -0.5536 -3.9090 0.5348 4.2955 0.4908 3.7110 -0.7328 -3.8629 -0.0827
-0.9124 1.3635 -7.2659 -0.0415 5.3558 4.8281 -1.1511 -0.0900 -7.0259 -0.3364
0.2070 0.1166 -0.0757 0.1894 -0.0605 0.8667 0.1645 -0.0082 0.0021 0.0395
0.4891 -0.8916 4.3031 -0.9646 -3.9154 2.0966 0.6804 -0.0871 4.3505 -0.0375
-1.1428 -0.6672 -0.2761 0.4774 -0.6299 2.4298 -1.1545 -0.0822 -0.2477 0.0513
0.3697 -0.1168 -0.6873 -0.1724 0.8327 0.6721 0.4739 0.0553 -0.6943 0.0501
-2.1530 -0.5478 -0.9868 0.0292 -0.3949 3.6279 -2.1291 -0.0520 -0.9324 0.0365
4.2200 0.7726 -1.0280 0.6185 1.9822 -0.5192 4.0891 0.6350 -0.9563 -0.1797
-0.4995 0.2240 -2.0627 -0.2449 1.5902 1.9133 -0.5179 0.1273 -2.0198 -0.0257
0.7994 0.6982 0.1563 0.1441 0.0490 0.1329 0.7761 0.0106 0.2619 0.0381
0.1190 1.7286 0.8762 -0.3463 -1.0990 1.0376 0.1461 -0.1058 0.7966 0.0452
-1.6886 -0.3292 -0.3421 -0.4226 -0.7291 3.0630 -1.6778 -0.0755 -0.3303 0.0447
0.6009 1.6395 -3.2233 0.1606 2.6974 1.9392 0.4118 -0.0900 -3.0717 -0.0883
0.5785 0.3520 6.2963 -0.2643 -5.5294 2.8158 0.8250 -0.0795 6.3310 -0.0829
-3.5430 0.0969 1.1021 0.2366 -2.4287 5.1345 -3.4409 -0.1100 1.1190 0.0308
1.1754 0.1840 -2.5278 -0.8486 2.4685 1.2275 1.1873 -0.1826 -2.4877 -0.0500
2.1743 0.6801 3.4851 -0.0883 -2.7271 0.3560 2.3181 -0.0588 3.4991 -0.0250
1.0429 -2.3571 -2.5053 -1.1310 2.5912 1.1861 1.3569 -0.2175 -2.5782 -0.0550
-2.5932 0.3269 1.8194 -0.2303 -2.7510 4.0712 -2.5802 -0.1415 1.8690 0.0446
-1.7602 -1.4766 2.9488 0.0170 -3.4813 3.5171 -1.6825 -0.1342 3.0095 0.0027
2.3379 0.9026 -5.1502 0.0231 4.7166 2.0054 2.1704 -0.5157 -4.9554 -0.1986
0.1878 -1.3564 -3.1810 0.5327 2.7296 2.0100 0.3433 -0.0828 -3.1385 -0.0926
1.0895 1.5224 0.0705 0.1428 0.2393 -0.1267 1.3801 0.2703 0.2047 0.0292
0.0407 0.9289 -2.7717 0.5737 2.2241 1.9648 -0.0575 0.0180 -2.6518 -0.0640
-1.4109 1.1545 -5.2389 0.3552 3.6713 4.0210 -1.5775 0.1147 -5.0589 -0.2168
-0.2035 -0.9663 -4.2695 -0.3923 3.4516 2.8062 -0.0973 -0.0805 -4.2185 -0.1604
1.2214 0.2143 -0.5241 -0.8781 0.9708 0.1675 1.2189 -0.0711 -0.5920 0.0830
2.8518 0.5127 -1.2080 0.9885 1.8212 -0.0962 2.7503 0.1365 -1.1634 -0.0444
0.0534 -0.2502 -0.2741 -0.2642 0.0921 0.9895 0.0708 0.0077 -0.1848 0.0347
-0.9287 -0.1567 -4.7892 -0.7661 3.5972 3.4925 -0.9139 0.0251 -4.7129 -0.1934
1.7124 0.4322 0.7234 -0.0273 -0.1962 -0.2534 1.7382 0.4267 0.7723 -0.0661
0.0954 -0.8638 -3.4257 -0.4146 2.8913 2.2145 0.2084 -0.0771 -3.3941 -0.1088
2.6298 1.2471 -0.7745 -0.6702 1.4274 -0.2891 2.8933 0.4074 -0.6440 -0.0716
-1.1124 1.1731 2.0580 0.4313 -2.4691 2.5139 -0.9780 -0.1235 2.0441 0.0217
-0.8205 -0.7588 5.0945 0.3718 -4.9894 3.5985 -0.6969 -0.1106 5.1559 -0.0500
-0.0655 1.0600 0.0117 -0.3476 -0.2701 1.2153 -0.1340 -0.0348 0.0111 0.0449
-3.7659 0.3046 -2.1007 0.8906 -0.0079 5.6403 -3.7663 -0.0017 -2.0729 0.0116
-0.5874 0.5243 3.0559 -0.0756 -3.1579 2.4708 -0.4123 -0.1105 3.0646 -0.0038
2.3412 1.6411 1.2849 -0.5352 -0.4195 -0.5529 2.7424 0.8228 1.2871 -0.1667
-1.2319 -1.0195 1.1544 0.1472 -1.7826 2.4187 -1.1881 -0.1299 1.1973 0.0579
-3.5430 0.4349 0.1894 -0.3447 -1.6966 5.2112 -3.4767 -0.0786 0.1786 0.0259
-0.5660 0.6600 -0.4858 0.4430 -0.0435 1.8560 -0.6516 -0.0153 -0.4862 0.0367
1.0968 0.4577 2.9031 -0.3337 -2.5467 1.0021 1.2557 -0.0800 2.9137 -0.0073
3.2366 -0.2644 4.0624 -0.0355 -2.9655 -0.1604 3.2359 -0.0403 4.1034 -0.0425
-0.7394 -0.2460 0.9881 0.3487 -1.5283 1.8900 -0.7410 -0.1224 1.0141 0.0485
1.6684 -1.0987 1.7024 0.4142 -1.4708 0.1939 1.6328 -0.0758 1.7583 0.0173
-7.6651 0.1158 5.9746 0.5119 -7.7044 10.1532 -7.7551 -0.2414 6.0782 0.0034
4.2654 0.2335 3.6015 -0.6334 -2.4528 -0.5640 4.0616 0.5361 3.7151 -0.1758
-1.8890 -0.1794 0.9361 0.3587 -1.7823 3.2392 -1.8615 -0.1158 0.9292 0.0486
-0.4606 0.7148 4.3310 0.0981 -4.1841 2.8858 -0.2595 -0.1045 4.3450 -0.0334
-1.6665 -0.9527 -1.0910 -0.6240 -0.1086 3.0061 -1.6047 -0.0330 -0.9828 0.0358
-0.1852 0.6534 0.4911 0.6728 -0.9400 1.3385 -0.2698 -0.1106 0.5143 0.0644
-0.7391 -0.4714 1.4338 0.4255 -1.9049 2.0366 -0.7033 -0.1199 1.4649 0.0336
0.7377 1.0622 5.2918 -0.0242 -4.6280 2.2564 0.9714 -0.0793 5.3040 -0.0603
1.8254 -1.3906 -2.1288 0.4654 2.4087 0.6039 1.9956 -0.2943 -2.1048 -0.0239
-0.8486 -0.4822 1.4321 -0.0895 -1.9163 2.0852 -0.7649 -0.1210 1.4571 0.0341
0.9875 0.5612 -5.3960 -0.3039 4.5474 2.8298 0.8743 -0.3140 -5.2343 -0.2198
-1.1753 -0.3452 -2.1863 -0.7479 1.4690 2.5776 -1.1664 0.1451 -2.1074 -0.0103
1.4702 -0.2693 1.3526 0.0205 -1.1890 0.1364 1.5129 -0.0620 1.4780 0.0206
-0.1387 0.2586 1.4326 -0.7445 -1.6633 1.4041 0.0310 -0.1063 1.4314 0.0313
-2.5860 0.8796 0.2192 0.4984 -1.3901 4.1808 -2.6197 -0.0836 0.1316 0.0358
2.0476 -1.2133 2.9234 0.2266 -2.3791 0.3669 2.0479 -0.0651 2.9888 -0.0123
